0.000000000000000000e+00 2.731499999999999773e+02
1.385119150547276412e+01 3.231991138811833935e+02
1.385119150547276412e+01 3.231991138811833935e+02
2.998137080027270684e+01 3.814872018206427242e+02
2.998137080027270684e+01 3.814872018206427242e+02
4.842860851577232495e+01 4.481482224174685598e+02
4.842860851577232495e+01 4.481482224174685598e+02
5.810242850724487340e+01 4.831055815433669522e+02
6.777624849871742185e+01 5.180629406692652310e+02
7.745006849018996320e+01 5.530202997951636235e+02
8.712388848166250455e+01 5.879776589210619022e+02
9.679770847313506010e+01 6.229350180469602947e+02
1.064715284646076014e+02 6.578923771728586871e+02
1.161453484560801570e+02 6.928497362987570796e+02
1.258191684475526984e+02 7.278070954246554720e+02
1.354929884390252255e+02 7.627644545505536371e+02
1.451668084304977810e+02 7.977218136764520295e+02
1.548406284219703366e+02 8.326791728023504220e+02
1.645144484134428922e+02 8.676365319282488144e+02
1.741882684049154477e+02 9.025938910541472069e+02
1.838620883963880033e+02 9.375512501800455993e+02
1.935359083878605020e+02 9.725086093059437644e+02
2.032097283793330575e+02 1.007465968431842157e+03
2.128835483708056131e+02 1.042423327557740549e+03
2.225573683622781687e+02 1.077380686683638942e+03
2.322311883537507242e+02 1.112338045809537334e+03
2.419050083452232798e+02 1.147295404935435727e+03
2.515788283366957785e+02 1.182252764061333892e+03
2.612526483281683340e+02 1.217210123187232512e+03
2.709264683196408896e+02 1.252167482313130677e+03
2.806002883111134452e+02 1.287124841439029296e+03
2.902741083025860007e+02 1.322082200564927462e+03
2.999479282940585563e+02 1.357039559690826081e+03
3.096217482855311118e+02 1.391996918816724246e+03
3.192955682770036674e+02 1.426954277942622866e+03
3.289693882684761661e+02 1.461911637068521031e+03
3.386432082599487217e+02 1.496868996194419196e+03
3.483170282514212772e+02 1.531826355320317816e+03
3.579908482428938328e+02 1.566783714446215981e+03
3.676646682343663883e+02 1.601741073572114601e+03
3.773384882258389439e+02 1.636698432698012766e+03
3.870123082173114994e+02 1.671655791823911386e+03
3.966861282087839982e+02 1.706613150949809551e+03
4.063599482002565537e+02 1.741570510075707716e+03
4.160337681917291093e+02 1.776527869201606336e+03
4.257075881832016648e+02 1.811485228327504501e+03
4.353814081746742204e+02 1.846442587453403121e+03
4.586123377659405378e+02 1.850642703679868646e+03
4.818432673572067984e+02 1.854817446632087012e+03
5.050741969484730589e+02 1.858870826855232735e+03
5.283051265397393763e+02 1.862750759572104016e+03
5.515360561310056937e+02 1.866674838335872664e+03
5.747669857222720111e+02 1.870549748972324551e+03
5.979979153135382148e+02 1.874327352071802125e+03
6.212288449048045322e+02 1.877871227073352429e+03
6.444597744960708496e+02 1.881540874122739751e+03
6.676907040873370534e+02 1.885125596877078806e+03
6.909216336786033708e+02 1.888514064742395021e+03
7.141525632698696882e+02 1.891917615260937964e+03
7.373834928611360056e+02 1.895416157770820519e+03
7.606144224524023230e+02 1.898702675481840060e+03
7.838453520436685267e+02 1.901891188961175203e+03
8.070762816349348441e+02 1.905109071505599559e+03
8.303072112262011615e+02 1.908181834625702550e+03
8.535381408174673652e+02 1.911283004645285018e+03
8.767690704087336826e+02 1.914319053690021292e+03
9.000000000000000000e+02 1.917373271393131745e+03
9.167721166558407049e+02 1.919450792505343543e+03
9.335442333116814098e+02 1.921552505801444340e+03
9.503163499675221146e+02 1.923633617746972504e+03
9.670884666233628195e+02 1.925846730141285661e+03
9.838605832792034107e+02 1.927975902899255289e+03
1.000632699935044116e+03 1.930032570605584851e+03
1.017404816590884820e+03 1.932066579691828338e+03
1.034176933246725639e+03 1.934161619402176484e+03
1.050949049902566230e+03 1.938624431402628261e+03
1.067721166558406821e+03 1.940385964902955266e+03
1.084493283214247640e+03 1.941894149834177824e+03
1.101265399870088231e+03 1.943700600133375247e+03
1.118037516525929050e+03 1.945389288621344576e+03
1.134809633181769641e+03 1.955293817731289437e+03
1.151581749837610460e+03 1.972709235736291703e+03
1.168353866493451051e+03 1.981227838603820146e+03
1.185125983149291642e+03 1.983481553689850671e+03
1.201898099805132460e+03 1.985651687288695030e+03
1.218670216460973052e+03 1.987850034990833365e+03
1.235442333116813870e+03 1.989961198817401055e+03
1.252214449772654461e+03 1.992072230888645208e+03
1.268986566428495280e+03 1.994237859364381620e+03
1.285758683084335871e+03 1.996241405575161480e+03
1.302530799740176462e+03 1.998688535516550019e+03
1.319302916396017281e+03 2.000817333854369281e+03
1.336075033051858099e+03 2.002937338091031052e+03
1.352847149707698691e+03 2.004906762383028990e+03
1.369619266363539282e+03 2.006882321180795770e+03
1.386391383019380100e+03 2.009355300201088539e+03
1.403163499675220692e+03 2.011386849569311835e+03
1.419935616331061283e+03 2.013474878219213224e+03
1.436707732986902101e+03 2.016133966001299541e+03
1.453479849642742920e+03 2.021611471577562043e+03
1.470251966298583511e+03 2.027185607686998082e+03
1.487024082954424102e+03 2.032961399339287027e+03
1.503796199610264921e+03 2.039142788973649658e+03
1.520568316266105512e+03 2.045873939815504400e+03
1.537340432921946103e+03 2.052643669781142762e+03
1.554112549577786922e+03 2.054929139659646353e+03
1.554112549577786922e+03 2.054929134696284109e+03
1.685211653178658935e+03 2.093009750742043252e+03
1.816310756779531403e+03 2.126869378262476403e+03
1.947409860380403870e+03 2.156826772438268108e+03
2.078508963981276338e+03 2.183178736828022011e+03
2.209608067582148578e+03 2.206198074319516763e+03
2.340707171183021273e+03 2.226132319426225422e+03
2.471806274783893514e+03 2.243203014593730586e+03
2.602905378384765754e+03 2.257605352272057189e+03
2.734004481985638449e+03 2.269508077613289061e+03
2.865103585586510690e+03 2.279053547893298401e+03
2.996202689187382930e+03 2.286357875503577816e+03
3.127301792788255170e+03 2.291511112890910226e+03
3.258400896389127411e+03 2.294577431691565835e+03
3.389499999990000106e+03 2.295595270690588222e+03
